**
**   Template:  ABAQUS/STANDARD 3D
**
*NODE
  30950001,  45552.61       ,  2997.188       ,  222.1539       
  30950002,  45552.49       ,  2989.485       ,  227.4572       
  30950003,  45552.38       ,  2981.783       ,  232.7604       
  30950004,  45552.26       ,  2974.072       ,  238.0693       
  30950005,  45542.22       ,  2974.202       ,  238.0535       
  30950006,  45532.18       ,  2974.331       ,  238.0376       
  30950007,  45522.14       ,  2974.46        ,  238.0218       
*INCLUDE, INPUT =testfile
**HWCOLOR COMP        178    57
*ELEMENT,TYPE=S4,ELSET=MISC
  30950001,  30950006,  30950077,  30950079,  30950005
  30950002,  30950005,  30950079,  30950003,  30950004
  30950003,  30950070,  30950080,  30950078,  30950069
  30950004,  30950080,  30950079,  30950077,  30950078
  30950005,  30950001,  30950002,  30950080,  30950070
  30950006,  30950002,  30950003,  30950079,  30950080
  30950007,  30950008,  30950075,  30950081,  30950007
** 
*ELSET, ELSET=PSHELL_GROUP
  30950194,  30950195,  30950196,  30950197,  30950198,  30950199,  30950200,  30950201,
  30950202,  30950203,  30950204,  30950205,  30950206,  30950207,  30950208,  30950209,
  30950210,  30950211,  30950212,  30950213,  30950214,  30950215,  30950216,  30950217,
  30950218,  30950219,  30950220,  30950221,  30950222,  30950223,  30950224,  30950542,
  30950543,  30950544,  30950545,  30950546,  30950547,  30950548,  30950549,  30950550,
  30950551,  30950552,  30950553,  30950554,  30950555,  30950556,  30950557,  30950558,
  30950559,  30950560,  30950561,  30950562,  30950563,  30950564,  30950565,  30950566,
  30950567,  30950568,  30950569,  30950570,  30950571,  30950572,  30950573,  30950574,
  30950575,  30950576,  30950577,  30950578,  30950579,  30950580,  30950581,  30950582,
  30950583,  30950584,  30950585,  30950586,  30950587,  30950588,  30950589,  30950590,
  30950591,  30950592,  30950593,  30950594,  30950595**HMNAME BEAMSECTS
*
