!
!! Nodes Block Sample
!
NBLOCK,6,SOLID
(3i8,6e16.9)
30950001       0       0        45552.61        2997.188        222.1539 
30950002       0       0        45552.49        2989.485        227.4572 
30950003       0       0        45552.38        2981.783        232.7604 
30950004       0       0        45552.26        2974.072        238.0693 
30950005       0       0        45542.22        2974.202        238.0535 
30950006       0       0        45532.18        2974.331        238.0376 
30950007       0       0        45522.14         2974.46        238.0218 
30950008       0       0        45512.09         2974.59        238.0059 
30950009       0       0        45502.05        2974.719          237.99 
30950010       0       0        45492.01        2974.848        237.9742 
30950011       0       0        45481.96        2974.978        237.9583 
30950012       0       0        45471.92        2975.107        237.9425 
30950013       0       0        45461.88        2975.236        237.9266 
30950014       0       0        45451.84        2975.365        237.9108 
30950015       0       0        45441.79        2975.495        237.8949 
30950016       0       0        45431.75        2975.624         237.879 
30950017       0       0        45421.71        2975.753        237.8632 
30950018       0       0        45411.67        2975.883        237.8473 
30950019       0       0        45401.62        2976.012        237.8315 
30950020       0       0        45391.58        2976.141        237.8156 
30950021       0       0        45381.54        2976.271        237.7998 
30950022       0       0         45371.5          2976.4        237.7839 
30950023       0       0        45361.45        2976.529         237.768 
30950024       0       0        45351.41        2976.659        237.7522 
30950025       0       0        45341.37        2976.788        237.7363 
30950026       0       0        45331.33        2976.917        237.7205 
!
!
