$$
$$ NASTRAN SETS SAMPLE
$$
$<----------------------------------------------------------------------------->
SET 230 = 95000382 THRU 95000384,95000392 THRU 95000394,
        95000402 THRU 95000404,95001112,95001122,95001132,
        95001142,95001152,95001162,95001172,95001182,95001192,
        95001202,95003972,95003982,95003992,95004002,95004012
$
SET 231 = 95004022,95004032,95004042,95004052,95004062,95004072,
        95004082,95004092,95004102,95004112,95004122,95004123,
        95004132,95004133,95004142,95004143,95004152,95004153,
        95004162,95004163,95004172,95004173,95004182,95004192,
        95004202,95004212,95004222,95004232,95004242,95004252,
        95004262,95004272,95004282,95004292,95004302,95004312,
        95004322,95004332,95004342,95004352,95004362,95004372,
        95004383,95004393,95004403,95004413,95004423,95004433
$
SET 232 = 95002572,95002582,95002592,95002602,95002612,95002622,
        95002632,95002642,95002652,95002662,95002672,95002673,
        95002682,95002683,95002692,95002693,95002702,95002703,
        95002712,95002713,95002722,95002732,95002742,95002752,
        95002762,95002772,95002782,95002792,95002802,95002812,
        95002822,95002823,95002832,95002833,95002842,95002843,
        95002852,95002853,95002862,95002863,95004442,95004452,
        95004462,95004472,95004482,95004492
$
$
$
